camera_matrix:
- - 942.6514266633791
  - 0.0
  - 702.9569647860413
- - 0.0
  - 931.2306017083584
  - 347.2554796587089
- - 0.0
  - 0.0
  - 1.0
dist_coeff:
- - 0.044768555221845203
  - -0.14735930123148697
  - -0.0050577542018425325
  - 0.032136949107983814
  - 0.2704569545566475
rms: 2.051927112598369
